2d5ee7ec4fa7a508c7fb209c2942cd3b1998521b5de2ddef99cccc02a10ac957 0 0 0 0
e56e60685203407e5ad58e966b036191017aa87986ca309e43e3e003a2b5c876 0 0 0 0
3038449117e7d4eb0cb720fd541ff608ef37aaebd459117bb61042963fe32381 0 0 0 0
762d715090babcc6ef1bf12942491de336e337d1f7bb4c671cd185035d745d93 0 0 0 0
3221915b7cb959d604a850ea5f515bf960b837c5d17da94df1b39eafeeb303a6 0 0 0 0
3038449117e7d4eb0cb720fd541ff608ef37aaebd459117bb61042963fe32381 0 0 0 0
762d715090babcc6ef1bf12942491de336e337d1f7bb4c671cd185035d745d93 0 0 0 0
3038449117e7d4eb0cb720fd541ff608ef37aaebd459117bb61042963fe32381 1 0 0 0
762d715090babcc6ef1bf12942491de336e337d1f7bb4c671cd185035d745d93 67 12 1427 844
3221915b7cb959d604a850ea5f515bf960b837c5d17da94df1b39eafeeb303a6 2 2 781 2
d0548b94d369f778c8ced86d46952536945442d198bf9d381992e8eda380de7c 7 7 7195 294
